3 0.970125 0.8137109375 0.02375 0.02134765625
3 0.929921875 0.57900390625 0.07159375 0.08373046875
3 0.8738906249999999 0.53416015625 0.034640625 0.05982421875
3 0.796734375 0.55951171875 0.056546874999999996 0.035390625
3 0.6093437500000001 0.0855859375 0.03265625 0.0673828125
3 0.40554687500000003 0.09291015625 0.08675000000000001 0.10623046875
3 0.26745312499999996 0.26751953125 0.02325 0.06693359375
3 0.077375 0.09330078125 0.07475000000000001 0.10685546875
3 0.15732812499999999 0.30529296875 0.07228124999999999 0.052734375
3 0.08228125 0.28044921875 0.047 0.08587890625
3 0.006625000000000001 0.27380859375 0.013250000000000001 0.0398046875
3 0.23540624999999998 0.54939453125 0.043140625 0.08693359375
3 0.172375 0.745390625 0.0420625 0.1251171875
1 0.30418951343381206 0.7688033896588752 0.2999066145388173 0.8466652460098598 0.3350622830173797 0.8477279889662683 0.3378974172232258 0.7719197571649508
3 0.3549082224583021 0.8232851442089575 0.35264010644148225 0.7807758583794346 0.34838740513271327 0.7807758583794346 0.34470174364332784 0.8367464423789814 0.3537741644498922 0.8367464423789814
1 0.49346614316978765 0.8614036134763351 0.4959812157856417 0.7825646369791497 0.45912447110964305 0.7804391645796707 0.45430475161184775 0.8580186436505611
3 0.07564062499999999 0.50853515625 0.032828125 0.02716796875