1 0.8813277444761625 0.9079535486695962 0.8853161624714463 0.8281343669202437 0.8475673579741418 0.8246144894754682 0.8424965691498102 0.9055716438507704
1 0.6826908937892799 0.8903438987860075 0.687557375640442 0.807719013289665 0.7236159601814748 0.8112388907344406 0.7185452143423157 0.8907881156154595
3 0.7938549479293536 0.13093564614091058 0.7799263133860805 0.17740841317497127 0.6970954904863446 0.1324339657232258 0.7291869895893061 0.06470138904329834 0.788599698675819 0.06903629048708729
3 0.7412638190452399 0.8682958036913742 0.7385078251949759 0.8203868847608103 0.7324364488748911 0.8198449910748236 0.7285334519635801 0.8794496585531599
3 0.5748156070099513 0.8581299926957335 0.576947842996843 0.819178329396597 0.573478508732751 0.7953365161481516 0.5556980424197155 0.7194759889259488 0.527075877580846 0.7167666858587518 0.5327135912537118 0.8273062385981882
3 0.32571811070873463 0.7616207174974691 0.30698365089477225 0.7589342228940137 0.30660997438518467 0.7748091038550489 0.32641514299991653 0.7771436441251347
3 0.17481886727504423 0.6956314972652438 0.14704768146763858 0.7243830197722917 0.14144244829475489 0.7878825258053037 0.16050023538062136 0.8341064302774548 0.17096332019752347 0.824301368267546 0.1761948768608196 0.7850810667945235 0.193757957908336 0.7706069242444428 0.19151584183143033 0.7453938822030642 0.17283173125515133 0.7411917204035869
3 0.43013510147647505 0.04601321930291033 0.3793968589563313 0.10278778045190694 0.3786890645980564 0.13108709526370899 0.4087696363350922 0.17044085074495324 0.422925199505462 0.16336600939121865 0.451590236525136 0.12135919894464396 0.4646841216578905 0.047073474370559545
3 0.621171875 0.29681640625 0.027625 0.06470703125
3 0.5367618875371882 0.36511931659041785 0.5439746710464881 0.3202125002605255 0.5050468723279712 0.29677712517439997 0.47071961544006785 0.31490637346215256 0.47992075310048354 0.34674311738467795
3 0.45668118929242024 0.26004105231896824 0.45019406504278814 0.34806964486734315 0.41409736275858877 0.339226105825959 0.4070195811734038 0.3029676092504537 0.41622071883381945 0.2839539868173081
3 0.3606728383580852 0.32198192388950697 0.36313734344513565 0.2843961738900045 0.3457967731615139 0.28528053116768537 0.33659566250069234 0.3073893787711458 0.3489817802747659 0.3277295118192445
3 0.6453059806647152 0.5600389064912227 0.6139651820197289 0.5617520660415081 0.6020220980556032 0.6268690852482995 0.5832026503485884 0.6205382732803442 0.5857360518767641 0.5486382129112575 0.6020220980556032 0.5359765717252247 0.6458134611474742 0.5508992208819818
3 0.4561754916863577 0.5538175088274608 0.45683852347580134 0.5338236768563542 0.4278855524911984 0.5234230263909242 0.4097899456258215 0.5302060503030976 0.4097899456258215 0.5446765047657586 0.4235426178881899 0.5609557725050478
3 0.37866550733971444 0.5320148635797259 0.3562269658713291 0.5148312064522443 0.3442838542954984 0.49357772807740996 0.29651146321558564 0.5207098237261036 0.3023020518901653 0.5360846848270787 0.3308931162598016 0.566382177834689
3 0.29193059336304705 0.5238416837202451 0.29795911728715674 0.5365368795211748 0.2802254170367465 0.5505551220396178 0.2628536234013028 0.5387978874918993 0.2791396695801419 0.5247796449734563
3 0.257625 0.5146484375 0.02278125 0.01666015625