0 0.4105040403309207 0.47729854515431214 0.4158306243495093 0.40645012838211 0.3819840093567315 0.40235747755800133 0.3765248752191939 0.47238720345103424
3 0.5192498479459565 0.420423122761511 0.48388784659076656 0.44601235607657846 0.460231598661437 0.5096757054043115 0.5290166665811371 0.5064925518154337 0.5399349348562122 0.47284190002799154 0.5308363779603162 0.41872806350755004
3 0.24748692750157888 0.2394365722926327 0.2558576109524401 0.21942810148347683 0.28970425371181 0.208514377517111 0.28824847905514817 0.24625764543488984 0.27077923870839105 0.2803630111461754 0.2602249071558333 0.27217776153861617
3 0.1830691557852721 0.1680426699342977 0.15358983699588752 0.21078806856453003 0.15067828768256397 0.2394365722926327 0.17033117613101773 0.2962788484781087 0.2296537781988964 0.2717229955741147 0.23147348957807562 0.2367081499744843 0.21800760871219432 0.2121522797236043
3 0.25853291169735615 0.0012512597265666586 0.2411156716440234 0.03417728647609893 0.24038779819898853 0.08647218056673683 0.25276184113072553 0.10920909104092719 0.268047405609194 0.11148278208834622 0.2855166459559511 0.05464050590287032 0.28478874474432414 0.033722546531926544 0.2705950182000001 0
3 0.390265625 0.0516015625 0.020499999999999997 0.0142578125
3 0.496390625 0.20505859375 0.018890625 0.0162890625
3 0.6111605305327232 0.11670836718395297 0.6073020508262393 0.06565895453749761 0.5916525218586615 0.013818800391032157 0.5716356966876903 0.011090378072883739 0.5676323372068145 0.02837043523733422 0.5676323372068145 0.07748215839220823 0.5719996334102078 0.10294749118454707
3 0.8418472437579245 0.10021449469004062 0.8351583108608578 0.16834892354309633 0.8719164751669591 0.1738057855262792 0.8762837991369444 0.10423084294463389 0.8442568677567538 0.09968346084979582
3 0.7825763398460799 0.2976881384791451 0.8520893367439989 0.2654017325445492 0.8932147972534935 0.2658564638152786 0.8943066351876381 0.313149244540349 0.8218821167429875 0.34498095389798766
3 0.811296875 0.5151171875 0.030156250000000002 0.03240234375
3 0.98140625 0.5366015625 0.016625 0.0321484375
3 0.7738032095704223 0.7696179870051996 0.8059387626291674 0.8490268248320483 0.8333707120057173 0.8501886945105499 0.8157027152929851 0.7525901567130884 0.7896655554865065 0.7479425893541073
0 0.5073958662441804 0.9142710123814156 0.5006562503922855 0.9948492065124009 0.4618631702681668 0.989463550747519 0.46986810647758165 0.9071395760356307
1 0.7354029965814786 0.09060822809433361 0.7293161420457037 0.15880452634700007 0.6973625001078925 0.15591138186380882 0.7024565507747476 0.0864759253036892