1 0.7578125 0.19 0.03553125 0.07056640625
1 0.64871875 0.39716796875 0.036171875 0.07291015625
1 0.6151875 0.39955078125 0.032375 0.07146484375
1 0.581890625 0.39779296875 0.03303125 0.07001953125
1 0.717359375 0.63318359375 0.038984375 0.075234375
0 0.379125 0.3291015625 0.0348125 0.07068359375
1 0.461921875 0.63205078125 0.03565625 0.07916015625
1 0.38884375000000004 0.632265625 0.0384375 0.07544921875
1 0.28090625 0.6327734375 0.0400625 0.0744140625
1 0.4283125 0.1918359375 0.03696875 0.07013671875
1 0.393703125 0.19287109375 0.03365625 0.0680859375