1 0.21407812499999998 0.31873046875 0.032937499999999995 0.0726953125
1 0.21535937500000002 0.55865234375 0.035453125 0.0780078125
3 0.369359375 0.1394140625 0.04359375 0.0869921875
3 0.787734375 0.36048828125 0.109484375 0.13416015625
3 0.9968749682108562 0.3194444461001291 0.9424611030763608 0.3408041057944644 0.9313517941236752 0.3755060923871625 0.9077446450319959 0.3564200262366932 0.8952465930005584 0.37377101953304226 0.9132991935621169 0.4275590722762096 0.9646795090892878 0.4310292841732368 0.9813435784645383 0.3633603838419608 1 0.3546848871937863
3 0.8302083015441895 0.7838541683223512 0.8285911630693331 0.8648041827707497 0.8549755864260729 0.9116518117198631 0.9410723599976082 0.8769498251271648 0.9410723599976082 0.8405127656803464 0.9021898846094307 0.8353074147404125 0.9049673707669355 0.7815193619972449
3 0.6548610793219674 0.8619791683223512 0.6341788920746682 0.8821551760670987 0.6619521644563819 0.9290028050162118 0.6438994579486016 0.941148447372627 0.5772439220711542 0.9272677321620918 0.5744665418598716 0.8561286861225754 0.6327902549421379 0.8387776928262263
3 0.5454860793219674 0.7838541683223512 0.548082118503132 0.8630689775390562 0.5341955352853864 0.913386884573983 0.4994790772410213 0.9428836526043204 0.4730945479380598 0.9428836526043205 0.4536533102439713 0.847453189474401 0.4967016970297392 0.7797842891431248
3 0.34583330154418945 0.8619791683223512 0.37311108520255604 0.9394133745185069 0.3953297031079271 0.9394133745185066 0.3967183402404573 0.8734796794189242 0.3717224480700257 0.8422478385344669
3 0.043015625 0.8623046875 0.08134375 0.0744140625
3 0.020999999999999998 0.53666015625 0.042015625 0.034296875
3 0.0131875 0.60130859375 0.026390625 0.05158203125
1 0.06921875 0.10232421875 0.039328125000000005 0.077890625
1 0.8625624999999999 0.16609375 0.0429375 0.07525390625