3 0.08068141207219273 0.14771453889756422 0.01564076465412135 0.1608929684294181 0.011539119522323126 0.20189248973467674 0.04904000274041825 0.27364169391195203 0.07540783639946713 0.23849921516034167
3 0.6899251386486949 0.002573650076468703 0.6437754892467114 0.04550996606577751 0.6572498378693515 0.09321161182370213 0.7388443776139229 0.07076376698236012
3 0.5659238748854399 0.23070469046683614 0.541969483679817 0.25221720472313325 0.595118201715098 0.32236680236208237 0.6070954258737281 0.30366026202097285
3 0.7816406368404109 0.3184305953795722 0.7919931527608413 0.29524223323572757 0.7717815727152435 0.2540878658932231 0.7545644700442156 0.26905308389415306 0.7777701847945586 0.32143141825719623
3 0.6365804101086152 0.21782430909784298 0.601106813794413 0.26157047489368807 0.6078439881057331 0.2830829891499852 0.6624898877166616 0.3158194347469269 0.7238729045272726 0.2858889630651728 0.7238729045272726 0.26531179723386766 0.6744669976520169 0.22509270695656675 0.6385354965110388 0.22041607187128937 0.6385354965110388 0.21948075912619153
3 0.489648438515764 0.1008402552818787 0.4850778973728735 0.03241535571509613 0.4364206098412603 0.025868059459728948 0.4326777415695976 0.08292304674799666
3 0.358626298241884 0.09967041474371904 0.3323688604667134 0.0408333309805001 0.35557463232869385 0 0.3907576283493045 0.0006142407031993063 0.4072262258999647 0.027738720629818733 0.3967461833169821 0.06795777522722544
3 0.2837565037996669 0.09148153097660155 0.2822144484710901 0.041768625885650904 0.26724297538443986 0.007161519118619383 0.24703145245047947 0.007161519118619418 0.24478576575446445 0.03709199080037353 0.26499723157678734 0.09134095065361234
3 0.6534261138581139 0.6611938730603475 0.6319806607946548 0.7384672983079835 0.6424607033776375 0.8189054075027971 0.6783922616302532 0.8207760329929925 0.6918666102528934 0.7468852557334403 0.6821351299019156 0.6664470751788387
3 0.1319334654117001 0.6103274541555103 0.07878471882060052 0.6383872646671745 0.06830470479343653 0.7094721750512213 0.1274420063522138 0.7403379237981792 0.15439064648585682 0.6954422697953893 0.13417918066353393 0.6121981510054941
3 0.3427164669229129 0.9361063995278636 0.3119707058963162 0.95190725596132 0.3097249620886637 0.9780964409827886 0.35239369465259934 0.9780964409827886 0.35538800069225696 0.9565838910465972