3 0.5225828489129524 0.6623518902600801 0.4682575233918619 0.6904127731981655 0.45407968139988153 0.7404314783231036 0.51329311505544 0.7862819447705401 0.5441508010984821 0.7529361148530681
3 0.30987952674025393 0.4251459795037621 0.3206409289913871 0.49971658910096683 0.35400061709351066 0.5372306179446704 0.37818640369326145 0.5143053847209521 0.36067251653680205 0.44031944632982556 0.3239769105273106 0.40697365616362347
3 0.4433404347701823 0.17360344776766656 0.36901243856233296 0.189184000165205 0.36400849807272556 0.2444129638857499 0.4048741287235381 0.3131886238056346 0.43573181476658024 0.28505313198630955
3 0.8499791389238706 0.1384135599082128 0.8410797070084637 0.05769966542110841 0.778530291816982 0.06186786434733983 0.7827002528297474 0.11188656947227794
3 0.7123475775180068 0.009383971090215576 0.6726133075441616 0.05561554608235762 0.6976330736207543 0.13272768335724544 0.7551786119511842 0.0837510577773178 0.7543445688457866 0.035816471991130486
3 0.609123906463609 0.0380572130497705 0.629245738462823 0.08062489864482668 0.6225737753909761 0.1264753253409932 0.6067279108167563 0.12022300707601094 0.5867121488583265 0.07228842128982363 0.5825421878455611 0.035816471991130444
3 0.29528223992448055 0.04327052976968959 0.307324761003041 0.0014286420311881085 0.36737217413544143 0.0024707414518334962 0.36737217413544143 0.02956415372614819 0.31816662145909796 0.053531426743606905
3 0.9698854234820093 0.34824955788495565 0.9532555680549771 0.28400807381952703 0.9324057629911501 0.26108282072017375 0.9090539558682412 0.27879779534828514 0.9407456850166808 0.35382575365751706
3 0.06693896759202494 0.9960041603349012 0.07608638340244131 0.939971487553128 0.13446580576687994 0.9055836575931857 0.14614170932833428 0.8649434696169911 0.18283737896638136 0.8711957878819732 0.18700733997914684 0.9410135273468684 0.21119312657889755 0.9556023229668537 0.19201128046875426 1
3 0.22750912256553257 0.9529942973955687 0.308770188826187 0.9535182036281029 0.3071022298725031 0.9806116357780527 0.2487227756937867 0.9972845507367887 0.22537096857087788 0.9764434368518212
3 0.321348823524076 0.8969511426564387 0.31294014983895246 0.948307925156861 0.3462998379410761 1 0.43553704179139013 1 0.42719711976585917 0.903499538254435
3 0.293196913236513 0.8813111924966814 0.2954263263110487 0.9201724134619009 0.2737425417703794 0.914962134990659 0.2695725807576139 0.8826584243694675
3 0.2538194126553005 0.14800347387790683 0.25090921645412523 0.19505580181840432 0.2106381039334176 0.1863803382646232 0.2175813955422905 0.14300285502375054 0.2522978535866554 0.14820807358611132